5.143065392677065718e-05,1.500000000000000000e+01
1.236489898799979497e-04,3.000000000000000000e+01
1.813366348784459714e-04,4.500000000000000000e+01
2.338863450306916429e-04,6.000000000000000000e+01
2.752076846120349459e-04,7.500000000000000000e+01
4.973974856264565231e-05,1.500000000000000000e+01
1.077004759899536312e-04,3.000000000000000000e+01
1.519472580236319072e-04,4.500000000000000000e+01
1.983256765049933100e-04,6.000000000000000000e+01
2.529425510002698569e-04,7.500000000000000000e+01
6.002159482865379429e-05,1.500000000000000000e+01
1.305051132070393898e-04,3.000000000000000000e+01
1.850705447760005846e-04,4.500000000000000000e+01
2.399418151895442843e-04,6.000000000000000000e+01
2.919185941627609358e-04,7.500000000000000000e+01
6.812372727562234604e-05,1.500000000000000000e+01
1.619526292642012766e-04,3.000000000000000000e+01
2.326707445880597000e-04,4.500000000000000000e+01
3.046767542477943022e-04,6.000000000000000000e+01
3.705246178441787643e-04,7.500000000000000000e+01
6.327037693624156032e-05,1.500000000000000000e+01
1.504789622801698860e-04,3.000000000000000000e+01
2.155918924833194830e-04,4.500000000000000000e+01
2.833357206775183237e-04,6.000000000000000000e+01
3.472553083203622237e-04,7.500000000000000000e+01
5.561566123780398846e-05,1.500000000000000000e+01
1.251604778510435119e-04,3.000000000000000000e+01
1.758142391797532270e-04,4.500000000000000000e+01
2.320630119707938128e-04,6.000000000000000000e+01
2.817773072330136976e-04,7.500000000000000000e+01
4.605651090523567369e-05,1.500000000000000000e+01
1.038258700457257618e-04,3.000000000000000000e+01
1.540985447151991899e-04,4.500000000000000000e+01
2.074199554744611887e-04,6.000000000000000000e+01
2.640354392990707823e-04,7.500000000000000000e+01
6.244031901090097976e-05,1.500000000000000000e+01
1.441857437003774207e-04,3.000000000000000000e+01
2.124143714293222113e-04,4.500000000000000000e+01
2.841419722122082159e-04,6.000000000000000000e+01
3.606432132769391420e-04,7.500000000000000000e+01
8.151871450759924653e-05,1.500000000000000000e+01
1.858442738800967749e-04,3.000000000000000000e+01
2.637757518615741403e-04,4.500000000000000000e+01
3.534112696461611750e-04,6.000000000000000000e+01
4.260678112960986866e-04,7.500000000000000000e+01
2.713872798393648922e-05,1.500000000000000000e+01
5.890086277389340716e-05,3.000000000000000000e+01
7.897249246714085371e-05,4.500000000000000000e+01
1.065254886803954261e-04,6.000000000000000000e+01
1.292994869908377484e-04,7.500000000000000000e+01
1.472966357049474979e-05,1.500000000000000000e+01
3.423023546805592450e-05,3.000000000000000000e+01
5.160555236468165462e-05,4.500000000000000000e+01
7.120672885376199421e-05,6.000000000000000000e+01
8.903864838700967504e-05,7.500000000000000000e+01
4.047181168958539687e-05,1.500000000000000000e+01
9.655034771754471474e-05,3.000000000000000000e+01
1.384053562991103875e-04,4.500000000000000000e+01
1.869560266146969138e-04,6.000000000000000000e+01
2.303850850819681338e-04,7.500000000000000000e+01
1.076309884159430441e-05,1.500000000000000000e+01
2.510141082900723973e-05,3.000000000000000000e+01
3.565134959382476289e-05,4.500000000000000000e+01
4.597366739997956901e-05,6.000000000000000000e+01
5.725200788006200688e-05,7.500000000000000000e+01
6.693661405295165187e-06,1.500000000000000000e+01
1.485638586002054703e-05,3.000000000000000000e+01
2.343011326844610323e-05,4.500000000000000000e+01
3.353120170329331059e-05,6.000000000000000000e+01
4.390766885123417534e-05,7.500000000000000000e+01
1.632806180598559551e-05,1.500000000000000000e+01
3.769145654255316757e-05,3.000000000000000000e+01
5.745631332859311280e-05,4.500000000000000000e+01
8.049667760552187351e-05,6.000000000000000000e+01
1.081215917583867078e-04,7.500000000000000000e+01
2.737558515814968242e-05,1.500000000000000000e+01
6.420979380200606890e-05,3.000000000000000000e+01
9.545891225345600991e-05,4.500000000000000000e+01
1.225763100328643173e-04,6.000000000000000000e+01
1.457161401486467827e-04,7.500000000000000000e+01
6.854989081312660298e-05,1.500000000000000000e+01
1.594772081942148973e-04,3.000000000000000000e+01
2.337862313196914976e-04,4.500000000000000000e+01
3.051423290685933922e-04,6.000000000000000000e+01
3.443832467771110336e-04,7.500000000000000000e+01
6.217617233514678612e-05,1.500000000000000000e+01
1.458965614618696596e-04,3.000000000000000000e+01
2.141279771067232959e-04,4.500000000000000000e+01
2.791437309948479120e-04,6.000000000000000000e+01
3.246038656364936604e-04,7.500000000000000000e+01
5.033436824766819476e-05,1.500000000000000000e+01
1.214723178676330178e-04,3.000000000000000000e+01
1.887176285385944651e-04,4.500000000000000000e+01
2.527434709692303466e-04,6.000000000000000000e+01
3.053348567648698662e-04,7.500000000000000000e+01
4.176824103678164322e-05,1.500000000000000000e+01
1.016333238512505659e-04,3.000000000000000000e+01
1.490915168492213663e-04,4.500000000000000000e+01
1.954823756025279987e-04,6.000000000000000000e+01
2.449142421759671531e-04,7.500000000000000000e+01
4.965432671403585327e-05,1.500000000000000000e+01
1.206695171441206371e-04,3.000000000000000000e+01
1.741840831905904277e-04,4.500000000000000000e+01
2.290059083774980656e-04,6.000000000000000000e+01
2.878936150276716977e-04,7.500000000000000000e+01
6.126785070336362321e-05,1.500000000000000000e+01
1.511716908405302286e-04,3.000000000000000000e+01
2.226911774378203363e-04,4.500000000000000000e+01
2.832976242929971349e-04,6.000000000000000000e+01
3.338644468133292968e-04,7.500000000000000000e+01
3.380102711925257362e-05,1.500000000000000000e+01
7.885902883414408222e-05,3.000000000000000000e+01
1.121928481192105350e-04,4.500000000000000000e+01
1.435115638134633667e-04,6.000000000000000000e+01
1.706880648092149366e-04,7.500000000000000000e+01
7.182604354711545765e-05,1.500000000000000000e+01
1.774141502436531908e-04,3.000000000000000000e+01
2.512380962822005105e-04,4.500000000000000000e+01
3.234680022930175422e-04,6.000000000000000000e+01
3.769375215074638268e-04,7.500000000000000000e+01
4.650783103650152990e-05,1.500000000000000000e+01
1.073676819082998771e-04,3.000000000000000000e+01
1.649278568413128693e-04,4.500000000000000000e+01
2.173587051771644254e-04,6.000000000000000000e+01
2.637799921378251389e-04,7.500000000000000000e+01
3.766142006311138101e-05,1.500000000000000000e+01
9.064470090327957010e-05,3.000000000000000000e+01
1.315728737327969897e-04,4.500000000000000000e+01
1.707364080898350091e-04,6.000000000000000000e+01
2.042898609150495585e-04,7.500000000000000000e+01
3.073959912022134134e-05,1.500000000000000000e+01
7.256939439573899752e-05,3.000000000000000000e+01
1.098432648524283310e-04,4.500000000000000000e+01
1.488795999358095631e-04,6.000000000000000000e+01
1.845619012927983394e-04,7.500000000000000000e+01
5.594233001694421997e-05,1.500000000000000000e+01
1.339666846958627896e-04,3.000000000000000000e+01
2.042085865749109516e-04,4.500000000000000000e+01
2.790651668259606509e-04,6.000000000000000000e+01
3.582655345181080787e-04,7.500000000000000000e+01
8.142670614662328758e-05,1.500000000000000000e+01
1.846652998094752685e-04,3.000000000000000000e+01
2.632063852938735615e-04,4.500000000000000000e+01
3.391125379521682461e-04,6.000000000000000000e+01
4.064691722123639581e-04,7.500000000000000000e+01
2.096536161987146800e-05,1.500000000000000000e+01
4.924398740676043661e-05,3.000000000000000000e+01
6.954995038968548281e-05,4.500000000000000000e+01
8.909953297007202873e-05,6.000000000000000000e+01
1.088755241431569134e-04,7.500000000000000000e+01
1.952877856071466738e-05,1.500000000000000000e+01
4.577725848007355950e-05,3.000000000000000000e+01
6.776797523414618220e-05,4.500000000000000000e+01
8.950634522382457721e-05,6.000000000000000000e+01
1.179120256868188070e-04,7.500000000000000000e+01
2.401100106858918110e-05,1.500000000000000000e+01
5.466869224849162849e-05,3.000000000000000000e+01
8.153339209802344938e-05,4.500000000000000000e+01
1.105144814284814234e-04,6.000000000000000000e+01
1.384725528469800534e-04,7.500000000000000000e+01
2.731834480896363015e-05,1.500000000000000000e+01
6.505989745492370526e-05,3.000000000000000000e+01
1.015831642751522306e-04,4.500000000000000000e+01
1.394666587601969549e-04,6.000000000000000000e+01
1.804213342552282587e-04,7.500000000000000000e+01
2.747121446716246912e-05,1.500000000000000000e+01
6.120513893305936010e-05,3.000000000000000000e+01
9.055742482580782661e-05,4.500000000000000000e+01
1.237833086112821767e-04,6.000000000000000000e+01
1.562535860605912205e-04,7.500000000000000000e+01
4.136050824121410575e-05,1.500000000000000000e+01
9.423406395235387606e-05,3.000000000000000000e+01
1.347122461969232747e-04,4.500000000000000000e+01
1.821304187239925377e-04,6.000000000000000000e+01
2.297787360942601519e-04,7.500000000000000000e+01
5.647970897720266248e-05,1.500000000000000000e+01
1.334868578145767927e-04,3.000000000000000000e+01
2.014909830094568986e-04,4.500000000000000000e+01
2.699376364288925381e-04,6.000000000000000000e+01
3.311198042568975694e-04,7.500000000000000000e+01
3.509019015780151052e-05,1.500000000000000000e+01
7.894248152700685732e-05,3.000000000000000000e+01
1.182593888168386099e-04,4.500000000000000000e+01
1.548160385169868849e-04,6.000000000000000000e+01
1.896423929776644998e-04,7.500000000000000000e+01
2.588051595739543646e-05,1.500000000000000000e+01
5.779773481376873379e-05,3.000000000000000000e+01
8.169019931656024429e-05,4.500000000000000000e+01
1.062291774999347559e-04,6.000000000000000000e+01
1.294780090058319513e-04,7.500000000000000000e+01
1.984625769598337349e-05,1.500000000000000000e+01
4.565965259669839188e-05,3.000000000000000000e+01
6.689783073616623846e-05,4.500000000000000000e+01
9.098766150732821834e-05,6.000000000000000000e+01
1.134206116571824855e-04,7.500000000000000000e+01
1.624666915875939209e-05,1.500000000000000000e+01
3.920889442116014338e-05,3.000000000000000000e+01
5.836405469227992610e-05,4.500000000000000000e+01
8.076743558179392190e-05,6.000000000000000000e+01
1.089970491835452846e-04,7.500000000000000000e+01
4.290634583009529283e-05,1.500000000000000000e+01
1.001432261772221402e-04,3.000000000000000000e+01
1.519134439801039771e-04,4.500000000000000000e+01
2.050340616968135540e-04,6.000000000000000000e+01
2.590312267661999007e-04,7.500000000000000000e+01
6.106787041172415868e-05,1.500000000000000000e+01
1.337236203431198972e-04,3.000000000000000000e+01
1.870497592545274719e-04,4.500000000000000000e+01
2.391910939971519478e-04,6.000000000000000000e+01
2.926950867701923653e-04,7.500000000000000000e+01
6.037357155951215488e-05,1.500000000000000000e+01
1.429645899606110800e-04,3.000000000000000000e+01
2.070542153101666413e-04,4.500000000000000000e+01
2.728725366878309621e-04,6.000000000000000000e+01
3.221404131124143422e-04,7.500000000000000000e+01
5.564643460139143697e-05,1.500000000000000000e+01
1.326317281761152150e-04,3.000000000000000000e+01
1.914711719193727506e-04,4.500000000000000000e+01
2.508688917859184511e-04,6.000000000000000000e+01
3.125436332388483265e-04,7.500000000000000000e+01
4.047280697143349772e-05,1.500000000000000000e+01
9.127771105044107491e-05,3.000000000000000000e+01
1.406230098866218610e-04,4.500000000000000000e+01
1.898259777848521014e-04,6.000000000000000000e+01
2.360365778502340945e-04,7.500000000000000000e+01
5.122157675903947027e-05,1.500000000000000000e+01
1.201386123983896425e-04,3.000000000000000000e+01
1.707278013431062043e-04,4.500000000000000000e+01
2.269720202502190987e-04,6.000000000000000000e+01
2.813131104081016015e-04,7.500000000000000000e+01
3.936088222208374661e-05,1.500000000000000000e+01
9.574919352822935188e-05,3.000000000000000000e+01
1.433542995164325401e-04,4.500000000000000000e+01
1.947345388496049198e-04,6.000000000000000000e+01
2.477695491821450781e-04,7.500000000000000000e+01
6.231623027470309167e-05,1.500000000000000000e+01
1.409106557301770301e-04,3.000000000000000000e+01
2.060475418040435527e-04,4.500000000000000000e+01
2.688100376805363403e-04,6.000000000000000000e+01
3.320494643559261118e-04,7.500000000000000000e+01
7.910142428236945143e-05,1.500000000000000000e+01
1.852291397460834369e-04,3.000000000000000000e+01
2.551885400742079542e-04,4.500000000000000000e+01
3.287016757414469928e-04,6.000000000000000000e+01
3.798050186506018826e-04,7.500000000000000000e+01
2.081021070056115392e-05,1.500000000000000000e+01
4.796803194612494342e-05,3.000000000000000000e+01
6.785262038733639255e-05,4.500000000000000000e+01
9.177473715321853140e-05,6.000000000000000000e+01
1.150905079360170968e-04,7.500000000000000000e+01
1.448181698236620280e-05,1.500000000000000000e+01
3.498620461262321119e-05,3.000000000000000000e+01
5.321188355986901657e-05,4.500000000000000000e+01
7.533531945828582984e-05,6.000000000000000000e+01
9.332177846976884121e-05,7.500000000000000000e+01
1.115910759256915959e-05,1.500000000000000000e+01
2.640668616615387873e-05,3.000000000000000000e+01
3.935291884056470196e-05,4.500000000000000000e+01
5.455539612330780915e-05,6.000000000000000000e+01
7.413505236536369405e-05,7.500000000000000000e+01
7.964557829517809203e-06,1.500000000000000000e+01
1.750942680651088756e-05,3.000000000000000000e+01
2.720125496983725517e-05,4.500000000000000000e+01
3.790013296849872626e-05,6.000000000000000000e+01
4.880997917040279959e-05,7.500000000000000000e+01
1.096737537061510477e-05,1.500000000000000000e+01
2.485465078819438730e-05,3.000000000000000000e+01
4.032815946803421369e-05,4.500000000000000000e+01
5.587042672487815587e-05,6.000000000000000000e+01
7.516104447994763262e-05,7.500000000000000000e+01
1.610568466813920615e-05,1.500000000000000000e+01
3.624705845520939624e-05,3.000000000000000000e+01
5.111919868794038453e-05,4.500000000000000000e+01
6.767340956218768607e-05,6.000000000000000000e+01
8.294769436459258831e-05,7.500000000000000000e+01
5.116490203040559016e-05,1.500000000000000000e+01
1.233728611375266673e-04,3.000000000000000000e+01
1.758230746535180411e-04,4.500000000000000000e+01
2.264103834544868273e-04,6.000000000000000000e+01
2.734167192445718453e-04,7.500000000000000000e+01
4.835713869916670601e-05,1.500000000000000000e+01
1.129838339082407179e-04,3.000000000000000000e+01
1.751377494877954079e-04,4.500000000000000000e+01
2.389385943724890065e-04,6.000000000000000000e+01
2.935104772457162265e-04,7.500000000000000000e+01
4.929422622982857096e-05,1.500000000000000000e+01
1.133282374831800902e-04,3.000000000000000000e+01
1.654961030596726961e-04,4.500000000000000000e+01
2.229032021421341304e-04,6.000000000000000000e+01
2.965031924882662018e-04,7.500000000000000000e+01
5.327365262925299726e-05,1.500000000000000000e+01
1.156476066221000720e-04,3.000000000000000000e+01
2.032403561118546168e-04,4.500000000000000000e+01
2.871522156826265891e-04,6.000000000000000000e+01
3.519722817607125100e-04,7.500000000000000000e+01
5.560839230011027759e-05,1.500000000000000000e+01
1.286913104403097756e-04,3.000000000000000000e+01
1.910468997929579431e-04,4.500000000000000000e+01
2.612816679424125694e-04,6.000000000000000000e+01
3.401836140810032567e-04,7.500000000000000000e+01
6.734418572553321693e-05,1.500000000000000000e+01
1.631497843173523225e-04,3.000000000000000000e+01
2.414169843870071774e-04,4.500000000000000000e+01
3.200452486741607204e-04,6.000000000000000000e+01
3.956981997524059596e-04,7.500000000000000000e+01
1.002544494871155165e-04,1.500000000000000000e+01
2.275133390242838679e-04,3.000000000000000000e+01
3.107359347422610505e-04,4.500000000000000000e+01
3.938831977649438895e-04,6.000000000000000000e+01
4.628179847255277065e-04,7.500000000000000000e+01
7.717908283768995547e-05,1.500000000000000000e+01
1.784117084703598351e-04,3.000000000000000000e+01
2.427904710839304887e-04,4.500000000000000000e+01
3.147040994336795664e-04,6.000000000000000000e+01
3.722590324237665268e-04,7.500000000000000000e+01
6.443710641108491986e-05,1.500000000000000000e+01
1.394931110982513677e-04,3.000000000000000000e+01
2.006736902310799549e-04,4.500000000000000000e+01
2.650421251992697352e-04,6.000000000000000000e+01
3.355016903359848133e-04,7.500000000000000000e+01
5.701206645885384405e-05,1.500000000000000000e+01
1.256088410562753322e-04,3.000000000000000000e+01
1.747002600184377344e-04,4.500000000000000000e+01
2.234796829093693867e-04,6.000000000000000000e+01
2.609787927842690939e-04,7.500000000000000000e+01
4.178369006453263869e-05,1.500000000000000000e+01
9.544216222331939811e-05,3.000000000000000000e+01
1.403974666257643185e-04,4.500000000000000000e+01
1.886099394182069982e-04,6.000000000000000000e+01
2.262247724036876623e-04,7.500000000000000000e+01
3.190095820444351451e-05,1.500000000000000000e+01
7.309220956572416012e-05,3.000000000000000000e+01
1.019463426215275198e-04,4.500000000000000000e+01
1.280424212285232583e-04,6.000000000000000000e+01
1.615469121960596969e-04,7.500000000000000000e+01
6.253984381550946900e-05,1.500000000000000000e+01
1.415114641904045465e-04,3.000000000000000000e+01
2.009437575193071869e-04,4.500000000000000000e+01
2.652541758184694077e-04,6.000000000000000000e+01
3.302273703280346711e-04,7.500000000000000000e+01
7.412777816957720066e-05,1.500000000000000000e+01
1.760342892359652994e-04,3.000000000000000000e+01
2.350246597721385253e-04,4.500000000000000000e+01
3.094722017182984582e-04,6.000000000000000000e+01
3.674151733174361458e-04,7.500000000000000000e+01
6.107576506245897610e-05,1.500000000000000000e+01
1.429400387986755729e-04,3.000000000000000000e+01
2.058670341078678559e-04,4.500000000000000000e+01
2.772923362449261631e-04,6.000000000000000000e+01
3.401386626458058771e-04,7.500000000000000000e+01
7.793397933132962803e-05,1.500000000000000000e+01
1.739542793722668654e-04,3.000000000000000000e+01
2.446041326333110635e-04,4.500000000000000000e+01
3.159523342291659770e-04,6.000000000000000000e+01
3.825717155260535620e-04,7.500000000000000000e+01
6.658670112351042095e-05,1.500000000000000000e+01
1.487418867300561943e-04,3.000000000000000000e+01
2.210170930880844700e-04,4.500000000000000000e+01
2.966022895094690007e-04,6.000000000000000000e+01
3.755794511630006390e-04,7.500000000000000000e+01
5.735635247786174224e-05,1.500000000000000000e+01
1.302108992544428166e-04,3.000000000000000000e+01
1.923511550601047864e-04,4.500000000000000000e+01
2.688566315185720169e-04,6.000000000000000000e+01
3.451105848553215967e-04,7.500000000000000000e+01
7.173200406001325460e-05,1.500000000000000000e+01
1.709973525870846808e-04,3.000000000000000000e+01
2.604351007324691826e-04,4.500000000000000000e+01
3.447401495897504269e-04,6.000000000000000000e+01
4.190792692871577753e-04,7.500000000000000000e+01
8.191269776611867254e-05,1.500000000000000000e+01
2.015869176634291497e-04,3.000000000000000000e+01
2.905375756235047536e-04,4.500000000000000000e+01
3.590545913382431646e-04,6.000000000000000000e+01
4.396125418745372437e-04,7.500000000000000000e+01
5.350450393477444478e-05,1.500000000000000000e+01
1.271950668069747516e-04,3.000000000000000000e+01
1.914066930543155192e-04,4.500000000000000000e+01
2.649602337843852537e-04,6.000000000000000000e+01
3.329183912298488372e-04,7.500000000000000000e+01
5.067031455594504016e-05,1.500000000000000000e+01
1.218221083586280330e-04,3.000000000000000000e+01
1.880072541944342098e-04,4.500000000000000000e+01
2.645962103873842437e-04,6.000000000000000000e+01
3.176909811978654457e-04,7.500000000000000000e+01
3.026766163157737255e-05,1.500000000000000000e+01
6.407887330097152814e-05,3.000000000000000000e+01
9.549518896229641882e-05,4.500000000000000000e+01
1.273511897222937234e-04,6.000000000000000000e+01
1.579433988681516580e-04,7.500000000000000000e+01
2.913541172457699666e-05,1.500000000000000000e+01
6.746224117584128678e-05,3.000000000000000000e+01
9.022759518174922446e-05,4.500000000000000000e+01
1.153687842338119477e-04,6.000000000000000000e+01
1.435598443725480899e-04,7.500000000000000000e+01
3.146772891697379284e-05,1.500000000000000000e+01
7.157932331757652859e-05,3.000000000000000000e+01
1.089641628178154051e-04,4.500000000000000000e+01
1.555185520124373311e-04,6.000000000000000000e+01
1.965081280983122815e-04,7.500000000000000000e+01
