9.508080718474072324e-01,1.500000000000000000e+01
9.090146614321884533e-01,3.000000000000000000e+01
8.865476372272864669e-01,4.500000000000000000e+01
8.660077547047188018e-01,6.000000000000000000e+01
8.516338664377516299e-01,7.500000000000000000e+01
9.513429593004848472e-01,1.500000000000000000e+01
9.159956799142155992e-01,3.000000000000000000e+01
8.963580617388011706e-01,4.500000000000000000e+01
8.768986108908095600e-01,6.000000000000000000e+01
8.601106950554662234e-01,7.500000000000000000e+01
9.466975253725257167e-01,1.500000000000000000e+01
9.084891396492795757e-01,3.000000000000000000e+01
8.866976232466545760e-01,4.500000000000000000e+01
8.671894574261629351e-01,6.000000000000000000e+01
8.522857155565495280e-01,7.500000000000000000e+01
9.353470898403997147e-01,1.500000000000000000e+01
8.830470132562961982e-01,3.000000000000000000e+01
8.543355050665624173e-01,4.500000000000000000e+01
8.293879463024964593e-01,6.000000000000000000e+01
8.145511982523795380e-01,7.500000000000000000e+01
9.356956831229354954e-01,1.500000000000000000e+01
8.847709293430557898e-01,3.000000000000000000e+01
8.582539351504658853e-01,4.500000000000000000e+01
8.352584375654896753e-01,6.000000000000000000e+01
8.167788835812070936e-01,7.500000000000000000e+01
9.440053114484103780e-01,1.500000000000000000e+01
8.987443132990350358e-01,3.000000000000000000e+01
8.763379420128742936e-01,4.500000000000000000e+01
8.565723566958483026e-01,6.000000000000000000e+01
8.399613686271716340e-01,7.500000000000000000e+01
9.481737218994509275e-01,1.500000000000000000e+01
9.065245139274821229e-01,3.000000000000000000e+01
8.823526756430132290e-01,4.500000000000000000e+01
8.612010648247607758e-01,6.000000000000000000e+01
8.455164372806329709e-01,7.500000000000000000e+01
9.369331586899833919e-01,1.500000000000000000e+01
8.890569489108968160e-01,3.000000000000000000e+01
8.634984297054268954e-01,4.500000000000000000e+01
8.410715050780499524e-01,6.000000000000000000e+01
8.233725789946146900e-01,7.500000000000000000e+01
9.324594954077500830e-01,1.500000000000000000e+01
8.823302400307102555e-01,3.000000000000000000e+01
8.556720687411900617e-01,4.500000000000000000e+01
8.334194699812838003e-01,6.000000000000000000e+01
8.187554634856899494e-01,7.500000000000000000e+01
9.698000062577482039e-01,1.500000000000000000e+01
9.440872109630664699e-01,3.000000000000000000e+01
9.305562600279327912e-01,4.500000000000000000e+01
9.170243042228112262e-01,6.000000000000000000e+01
9.070180704662842430e-01,7.500000000000000000e+01
9.778927676100640509e-01,1.500000000000000000e+01
9.568355746449063171e-01,3.000000000000000000e+01
9.429246353286909743e-01,4.500000000000000000e+01
9.293557387889130883e-01,6.000000000000000000e+01
9.200514938093199424e-01,7.500000000000000000e+01
9.543393830336615036e-01,1.500000000000000000e+01
9.142997332743172390e-01,3.000000000000000000e+01
8.919622847189441206e-01,4.500000000000000000e+01
8.713557945527965476e-01,6.000000000000000000e+01
8.563257034118509914e-01,7.500000000000000000e+01
9.820720758248401294e-01,1.500000000000000000e+01
9.648127097722436485e-01,3.000000000000000000e+01
9.536033205260381340e-01,4.500000000000000000e+01
9.426928306616625397e-01,6.000000000000000000e+01
9.341014592593761545e-01,7.500000000000000000e+01
9.857557425970198128e-01,1.500000000000000000e+01
9.701666798771241274e-01,3.000000000000000000e+01
9.584259228536362585e-01,4.500000000000000000e+01
9.462068577480692300e-01,6.000000000000000000e+01
9.362337041742759824e-01,7.500000000000000000e+01
9.783661360673974183e-01,1.500000000000000000e+01
9.570690080216344153e-01,3.000000000000000000e+01
9.423099009301070250e-01,4.500000000000000000e+01
9.283023198117086316e-01,6.000000000000000000e+01
9.167330015983116143e-01,7.500000000000000000e+01
9.724928179580413223e-01,1.500000000000000000e+01
9.485700603247084750e-01,3.000000000000000000e+01
9.340040850421457153e-01,4.500000000000000000e+01
9.201918245949787245e-01,6.000000000000000000e+01
9.100012710033209551e-01,7.500000000000000000e+01
9.447717099882830816e-01,1.500000000000000000e+01
9.017266269687096436e-01,3.000000000000000000e+01
8.802277811743683955e-01,4.500000000000000000e+01
8.614719928727837539e-01,6.000000000000000000e+01
8.497890609104080673e-01,7.500000000000000000e+01
9.507157793945528734e-01,1.500000000000000000e+01
9.101037481878160307e-01,3.000000000000000000e+01
8.871004806070666993e-01,4.500000000000000000e+01
8.691849929422742482e-01,6.000000000000000000e+01
8.555723199032692072e-01,7.500000000000000000e+01
9.529698660854064585e-01,1.500000000000000000e+01
9.140089006866174426e-01,3.000000000000000000e+01
8.912786236796268469e-01,4.500000000000000000e+01
8.707523026960710677e-01,6.000000000000000000e+01
8.566667680655900563e-01,7.500000000000000000e+01
9.556054768972865876e-01,1.500000000000000000e+01
9.150703834958326954e-01,3.000000000000000000e+01
8.931541303065975157e-01,4.500000000000000000e+01
8.728271922084126500e-01,6.000000000000000000e+01
8.578224719420894928e-01,7.500000000000000000e+01
9.464440525457068487e-01,1.500000000000000000e+01
9.003412209837771130e-01,3.000000000000000000e+01
8.741679642344785117e-01,4.500000000000000000e+01
8.531198384552967084e-01,6.000000000000000000e+01
8.362630914576200114e-01,7.500000000000000000e+01
9.408594255413930130e-01,1.500000000000000000e+01
8.936397744227231321e-01,3.000000000000000000e+01
8.691202176701612325e-01,4.500000000000000000e+01
8.475528465874129225e-01,6.000000000000000000e+01
8.321672641839314988e-01,7.500000000000000000e+01
9.606388995951744558e-01,1.500000000000000000e+01
9.236102029191388674e-01,3.000000000000000000e+01
9.025448841617748075e-01,4.500000000000000000e+01
8.835932236715544619e-01,6.000000000000000000e+01
8.705284735156222364e-01,7.500000000000000000e+01
9.385685016612860254e-01,1.500000000000000000e+01
8.853804639551645650e-01,3.000000000000000000e+01
8.558965598063820179e-01,4.500000000000000000e+01
8.322511903797599198e-01,6.000000000000000000e+01
8.160663484884822516e-01,7.500000000000000000e+01
9.504824791607815460e-01,1.500000000000000000e+01
9.072089857443533800e-01,3.000000000000000000e+01
8.788344076317335940e-01,4.500000000000000000e+01
8.581613775829201041e-01,6.000000000000000000e+01
8.435876881798680671e-01,7.500000000000000000e+01
9.576419083901781537e-01,1.500000000000000000e+01
9.171023476065914837e-01,3.000000000000000000e+01
8.943993390780903274e-01,4.500000000000000000e+01
8.742967177314631133e-01,6.000000000000000000e+01
8.588298360480447480e-01,7.500000000000000000e+01
9.613232993660594250e-01,1.500000000000000000e+01
9.249125514646213686e-01,3.000000000000000000e+01
8.998753430993887692e-01,4.500000000000000000e+01
8.778192591041282800e-01,6.000000000000000000e+01
8.598301698639608803e-01,7.500000000000000000e+01
9.417282371328136170e-01,1.500000000000000000e+01
8.894826668585409379e-01,3.000000000000000000e+01
8.570917438515167630e-01,4.500000000000000000e+01
8.267935831656685330e-01,6.000000000000000000e+01
8.050843557857447763e-01,7.500000000000000000e+01
9.295001688625793568e-01,1.500000000000000000e+01
8.710721719185428036e-01,3.000000000000000000e+01
8.396984078166855880e-01,4.500000000000000000e+01
8.150623289575018582e-01,6.000000000000000000e+01
7.961165893833965779e-01,7.500000000000000000e+01
9.706561072055367445e-01,1.500000000000000000e+01
9.435395622322796383e-01,3.000000000000000000e+01
9.273488824396658448e-01,4.500000000000000000e+01
9.122137270267494102e-01,6.000000000000000000e+01
8.993967983402566535e-01,7.500000000000000000e+01
9.694498913650050342e-01,1.500000000000000000e+01
9.410541689741800386e-01,3.000000000000000000e+01
9.243766575147044362e-01,4.500000000000000000e+01
9.086807764098084883e-01,6.000000000000000000e+01
8.959071924352594030e-01,7.500000000000000000e+01
9.682782672288557935e-01,1.500000000000000000e+01
9.414019211875588322e-01,3.000000000000000000e+01
9.272195037594267442e-01,4.500000000000000000e+01
9.138680007975936714e-01,6.000000000000000000e+01
9.030466792831888245e-01,7.500000000000000000e+01
9.685212278528521068e-01,1.500000000000000000e+01
9.433602982946558413e-01,3.000000000000000000e+01
9.279627253951371335e-01,4.500000000000000000e+01
9.140199532100815594e-01,6.000000000000000000e+01
9.028592161819755102e-01,7.500000000000000000e+01
9.622199035451678428e-01,1.500000000000000000e+01
9.295946506085350780e-01,3.000000000000000000e+01
9.104257213749684663e-01,4.500000000000000000e+01
8.892577732317885619e-01,6.000000000000000000e+01
8.726038626040412138e-01,7.500000000000000000e+01
9.584944304808458160e-01,1.500000000000000000e+01
9.256327367339631795e-01,3.000000000000000000e+01
9.062479195138002375e-01,4.500000000000000000e+01
8.889951857020429449e-01,6.000000000000000000e+01
8.757205043222113794e-01,7.500000000000000000e+01
9.501791209130965310e-01,1.500000000000000000e+01
9.103001967266632910e-01,3.000000000000000000e+01
8.898343919792005563e-01,4.500000000000000000e+01
8.716839345196092381e-01,6.000000000000000000e+01
8.571728032915537643e-01,7.500000000000000000e+01
9.590488917863017049e-01,1.500000000000000000e+01
9.221157208712982278e-01,3.000000000000000000e+01
8.988058593823343712e-01,4.500000000000000000e+01
8.791100198242671748e-01,6.000000000000000000e+01
8.652991179035717240e-01,7.500000000000000000e+01
9.666327046628864217e-01,1.500000000000000000e+01
9.342194447093766785e-01,3.000000000000000000e+01
9.157587028775789895e-01,4.500000000000000000e+01
8.977784435882472103e-01,6.000000000000000000e+01
8.834638508103090926e-01,7.500000000000000000e+01
9.720491719006094655e-01,1.500000000000000000e+01
9.448646744268895947e-01,3.000000000000000000e+01
9.282962155342291410e-01,4.500000000000000000e+01
9.128817925787379162e-01,6.000000000000000000e+01
9.014074534526261839e-01,7.500000000000000000e+01
9.756143942120698576e-01,1.500000000000000000e+01
9.504233228560698965e-01,3.000000000000000000e+01
9.332961547134503988e-01,4.500000000000000000e+01
9.171560178156378251e-01,6.000000000000000000e+01
9.019303261314827180e-01,7.500000000000000000e+01
9.548664851751678118e-01,1.500000000000000000e+01
9.164111681768873918e-01,3.000000000000000000e+01
8.906780386949740835e-01,4.500000000000000000e+01
8.678565533850302050e-01,6.000000000000000000e+01
8.513399448639310529e-01,7.500000000000000000e+01
9.471611008688651800e-01,1.500000000000000000e+01
9.044401262188622725e-01,3.000000000000000000e+01
8.812279256723887233e-01,4.500000000000000000e+01
8.608062018880078270e-01,6.000000000000000000e+01
8.461028727141082229e-01,7.500000000000000000e+01
9.429745259427841919e-01,1.500000000000000000e+01
8.949688628679779434e-01,3.000000000000000000e+01
8.683567754783070303e-01,4.500000000000000000e+01
8.455720082054157816e-01,6.000000000000000000e+01
8.299840784653305104e-01,7.500000000000000000e+01
9.468400193297105139e-01,1.500000000000000000e+01
9.018878428566298178e-01,3.000000000000000000e+01
8.777344149205358326e-01,4.500000000000000000e+01
8.553285207633998244e-01,6.000000000000000000e+01
8.386633454573828583e-01,7.500000000000000000e+01
9.531835355429835177e-01,1.500000000000000000e+01
9.132246670014900758e-01,3.000000000000000000e+01
8.883962726330334458e-01,4.500000000000000000e+01
8.648813914613302511e-01,6.000000000000000000e+01
8.486042455602632595e-01,7.500000000000000000e+01
9.503347441791152317e-01,1.500000000000000000e+01
9.078068102418306307e-01,3.000000000000000000e+01
8.839383731694244739e-01,4.500000000000000000e+01
8.605208805269772832e-01,6.000000000000000000e+01
8.436989208681751062e-01,7.500000000000000000e+01
9.531523034774567193e-01,1.500000000000000000e+01
9.119544989057823958e-01,3.000000000000000000e+01
8.880351295207197238e-01,4.500000000000000000e+01
8.658624490117393657e-01,6.000000000000000000e+01
8.474085860656750402e-01,7.500000000000000000e+01
9.348049100266671019e-01,1.500000000000000000e+01
8.843653648774317810e-01,3.000000000000000000e+01
8.553152156638743620e-01,4.500000000000000000e+01
8.316265656178422061e-01,6.000000000000000000e+01
8.110099305536121461e-01,7.500000000000000000e+01
9.323425370385721722e-01,1.500000000000000000e+01
8.778419271079174191e-01,3.000000000000000000e+01
8.528388673770883610e-01,4.500000000000000000e+01
8.299957703171068069e-01,6.000000000000000000e+01
8.160074015008009773e-01,7.500000000000000000e+01
9.722716217932351190e-01,1.500000000000000000e+01
9.469721720592010339e-01,3.000000000000000000e+01
9.312327344613549052e-01,4.500000000000000000e+01
9.174740361531997790e-01,6.000000000000000000e+01
9.069968806995272192e-01,7.500000000000000000e+01
9.766237729596076722e-01,1.500000000000000000e+01
9.539727185142701238e-01,3.000000000000000000e+01
9.399167920892929073e-01,4.500000000000000000e+01
9.261958546943609427e-01,6.000000000000000000e+01
9.151359679945798575e-01,7.500000000000000000e+01
9.803545189709849117e-01,1.500000000000000000e+01
9.601959608638376276e-01,3.000000000000000000e+01
9.474056200389153748e-01,4.500000000000000000e+01
9.351790627593703498e-01,6.000000000000000000e+01
9.251320496035611018e-01,7.500000000000000000e+01
9.831432598987890348e-01,1.500000000000000000e+01
9.672677169740421244e-01,3.000000000000000000e+01
9.563622354119389879e-01,4.500000000000000000e+01
9.457491323072175771e-01,6.000000000000000000e+01
9.378743881810961414e-01,7.500000000000000000e+01
9.813643662878563934e-01,1.500000000000000000e+01
9.634646676470818294e-01,3.000000000000000000e+01
9.503287746591477791e-01,4.500000000000000000e+01
9.392590919649145276e-01,6.000000000000000000e+01
9.296937292592180047e-01,7.500000000000000000e+01
9.790608540718737096e-01,1.500000000000000000e+01
9.592620911325513422e-01,3.000000000000000000e+01
9.479372200616453803e-01,4.500000000000000000e+01
9.371682732970940677e-01,6.000000000000000000e+01
9.296559387907646910e-01,7.500000000000000000e+01
9.475599214226030353e-01,1.500000000000000000e+01
9.010202859048918045e-01,3.000000000000000000e+01
8.771036502841345062e-01,4.500000000000000000e+01
8.538940132973182884e-01,6.000000000000000000e+01
8.382258258566690490e-01,7.500000000000000000e+01
9.469836297500627831e-01,1.500000000000000000e+01
9.016743732415745116e-01,3.000000000000000000e+01
8.747302509514713886e-01,4.500000000000000000e+01
8.514845773863115586e-01,6.000000000000000000e+01
8.359167905252504749e-01,7.500000000000000000e+01
9.489957711597447609e-01,1.500000000000000000e+01
9.058042270239374805e-01,3.000000000000000000e+01
8.812460678291285099e-01,4.500000000000000000e+01
8.619637837038912620e-01,6.000000000000000000e+01
8.457679054879086999e-01,7.500000000000000000e+01
9.494216714770558063e-01,1.500000000000000000e+01
9.081086491612296863e-01,3.000000000000000000e+01
8.812117124106355615e-01,4.500000000000000000e+01
8.585452003424371981e-01,6.000000000000000000e+01
8.408392198491647651e-01,7.500000000000000000e+01
9.490907600481830464e-01,1.500000000000000000e+01
9.078654587083596628e-01,3.000000000000000000e+01
8.824902771536989876e-01,4.500000000000000000e+01
8.587728515559387432e-01,6.000000000000000000e+01
8.407703371814470028e-01,7.500000000000000000e+01
9.364540443317652674e-01,1.500000000000000000e+01
8.835524395141305387e-01,3.000000000000000000e+01
8.535666250978163339e-01,4.500000000000000000e+01
8.282596171260879769e-01,6.000000000000000000e+01
8.072276661120748598e-01,7.500000000000000000e+01
9.152747693119640537e-01,1.500000000000000000e+01
8.503449320414542267e-01,3.000000000000000000e+01
8.219590412746928809e-01,4.500000000000000000e+01
7.963039052783722482e-01,6.000000000000000000e+01
7.815677231971991379e-01,7.500000000000000000e+01
9.365389394980438986e-01,1.500000000000000000e+01
8.890729827250836159e-01,3.000000000000000000e+01
8.653938188776605367e-01,4.500000000000000000e+01
8.433025484777407765e-01,6.000000000000000000e+01
8.305037295955044474e-01,7.500000000000000000e+01
9.423401192048057595e-01,1.500000000000000000e+01
8.983123980443343815e-01,3.000000000000000000e+01
8.768215818034648112e-01,4.500000000000000000e+01
8.573421317510679929e-01,6.000000000000000000e+01
8.426016593342288141e-01,7.500000000000000000e+01
9.473335508590581266e-01,1.500000000000000000e+01
9.055290396709192446e-01,3.000000000000000000e+01
8.844238662456941347e-01,4.500000000000000000e+01
8.654213786520403850e-01,6.000000000000000000e+01
8.518452252543108338e-01,7.500000000000000000e+01
9.515627844391052470e-01,1.500000000000000000e+01
9.115585986542280583e-01,3.000000000000000000e+01
8.889234680392050780e-01,4.500000000000000000e+01
8.682500797731842468e-01,6.000000000000000000e+01
8.523066525857071474e-01,7.500000000000000000e+01
9.661384278601780062e-01,1.500000000000000000e+01
9.371687573895379764e-01,3.000000000000000000e+01
9.205901755491230354e-01,4.500000000000000000e+01
9.050264662831598583e-01,6.000000000000000000e+01
8.925128755249935875e-01,7.500000000000000000e+01
9.356010055448660268e-01,1.500000000000000000e+01
8.864409787998969170e-01,3.000000000000000000e+01
8.590892209223471854e-01,4.500000000000000000e+01
8.362515492324614774e-01,6.000000000000000000e+01
8.157102867351979647e-01,7.500000000000000000e+01
9.361158493178322049e-01,1.500000000000000000e+01
8.864878801313906820e-01,3.000000000000000000e+01
8.630321068460671263e-01,4.500000000000000000e+01
8.396184431229800627e-01,6.000000000000000000e+01
8.232682688429202589e-01,7.500000000000000000e+01
9.437593395994112733e-01,1.500000000000000000e+01
8.986660687385367163e-01,3.000000000000000000e+01
8.754016407447173798e-01,4.500000000000000000e+01
8.534849114770843848e-01,6.000000000000000000e+01
8.381516002797692044e-01,7.500000000000000000e+01
9.387561203796712661e-01,1.500000000000000000e+01
8.919651675187689754e-01,3.000000000000000000e+01
8.672810644086311749e-01,4.500000000000000000e+01
8.476357282561319817e-01,6.000000000000000000e+01
8.333058679752020081e-01,7.500000000000000000e+01
9.414296232332854952e-01,1.500000000000000000e+01
8.974315968165292867e-01,3.000000000000000000e+01
8.738628923254234682e-01,4.500000000000000000e+01
8.530672031635235797e-01,6.000000000000000000e+01
8.357882258792499464e-01,7.500000000000000000e+01
9.407199983974167123e-01,1.500000000000000000e+01
8.966262784393415064e-01,3.000000000000000000e+01
8.711300264537740201e-01,4.500000000000000000e+01
8.459243089692798367e-01,6.000000000000000000e+01
8.239161088158238888e-01,7.500000000000000000e+01
9.283600258363928770e-01,1.500000000000000000e+01
8.746155883515306373e-01,3.000000000000000000e+01
8.436183569304087637e-01,4.500000000000000000e+01
8.175745813490102876e-01,6.000000000000000000e+01
7.987422895759705987e-01,7.500000000000000000e+01
9.275689386635670441e-01,1.500000000000000000e+01
8.718807800974783806e-01,3.000000000000000000e+01
8.450854947072222734e-01,4.500000000000000000e+01
8.203692282183951967e-01,6.000000000000000000e+01
8.027573134606278416e-01,7.500000000000000000e+01
9.505756351810263904e-01,1.500000000000000000e+01
9.093401551993249843e-01,3.000000000000000000e+01
8.850793318663922049e-01,4.500000000000000000e+01
8.630361824444779950e-01,6.000000000000000000e+01
8.468939945442937045e-01,7.500000000000000000e+01
9.509961845251619916e-01,1.500000000000000000e+01
9.089362121632325042e-01,3.000000000000000000e+01
8.835719314264769420e-01,4.500000000000000000e+01
8.641753329192242150e-01,6.000000000000000000e+01
8.514504311450437068e-01,7.500000000000000000e+01
9.641892748110708622e-01,1.500000000000000000e+01
9.376370700662256530e-01,3.000000000000000000e+01
9.222549557546300125e-01,4.500000000000000000e+01
9.067938230580789849e-01,6.000000000000000000e+01
8.965967737720618169e-01,7.500000000000000000e+01
9.656352080084804612e-01,1.500000000000000000e+01
9.379228048293443143e-01,3.000000000000000000e+01
9.228658635961061174e-01,4.500000000000000000e+01
9.074598444478430004e-01,6.000000000000000000e+01
8.947096242880684391e-01,7.500000000000000000e+01
9.641822511616758851e-01,1.500000000000000000e+01
9.370068286334125585e-01,3.000000000000000000e+01
9.185723563857144391e-01,4.500000000000000000e+01
9.008387712238210554e-01,6.000000000000000000e+01
8.864316236980630537e-01,7.500000000000000000e+01
