5.241792769957285159e-05,1.500000000000000000e+01
1.245543966504893368e-04,3.000000000000000000e+01
1.802004819642887804e-04,4.500000000000000000e+01
2.303609016109493487e-04,6.000000000000000000e+01
2.689852921664443179e-04,7.500000000000000000e+01
5.209152896105480091e-05,1.500000000000000000e+01
1.095204247159898571e-04,3.000000000000000000e+01
1.536222152167696585e-04,4.500000000000000000e+01
2.006926099756454421e-04,6.000000000000000000e+01
2.543891169241522111e-04,7.500000000000000000e+01
6.270756307888211288e-05,1.500000000000000000e+01
1.374264030825584151e-04,3.000000000000000000e+01
1.927169448007027099e-04,4.500000000000000000e+01
2.449982710055676111e-04,6.000000000000000000e+01
2.953702838173557794e-04,7.500000000000000000e+01
6.853861821335710698e-05,1.500000000000000000e+01
1.634973836859692777e-04,3.000000000000000000e+01
2.383200706465212480e-04,4.500000000000000000e+01
3.076982519146573953e-04,6.000000000000000000e+01
3.688064488933986409e-04,7.500000000000000000e+01
6.354242239408919735e-05,1.500000000000000000e+01
1.504101744080774356e-04,3.000000000000000000e+01
2.217317801950604889e-04,4.500000000000000000e+01
2.905082080485805649e-04,6.000000000000000000e+01
3.531011086493114778e-04,7.500000000000000000e+01
5.574201959219361990e-05,1.500000000000000000e+01
1.268575945250568387e-04,3.000000000000000000e+01
1.791743595241194489e-04,4.500000000000000000e+01
2.332913005668878930e-04,6.000000000000000000e+01
2.796103555563133019e-04,7.500000000000000000e+01
4.610646842033994650e-05,1.500000000000000000e+01
1.029693646648454627e-04,3.000000000000000000e+01
1.504508814356651228e-04,4.500000000000000000e+01
2.028473125496310376e-04,6.000000000000000000e+01
2.511244418555513640e-04,7.500000000000000000e+01
6.222543277737933051e-05,1.500000000000000000e+01
1.448824334824932406e-04,3.000000000000000000e+01
2.122834430411485137e-04,4.500000000000000000e+01
2.814233418163493601e-04,6.000000000000000000e+01
3.558569637130238141e-04,7.500000000000000000e+01
8.224711058919333443e-05,1.500000000000000000e+01
1.907106612849536302e-04,3.000000000000000000e+01
2.699611115596979344e-04,4.500000000000000000e+01
3.560161656172449764e-04,6.000000000000000000e+01
4.280554969376761695e-04,7.500000000000000000e+01
2.708478333219087756e-05,1.500000000000000000e+01
5.722657298296099517e-05,3.000000000000000000e+01
7.835253703762403148e-05,4.500000000000000000e+01
1.061385426279091917e-04,6.000000000000000000e+01
1.296941091076302338e-04,7.500000000000000000e+01
1.518777640647943743e-05,1.500000000000000000e+01
3.545872499840991746e-05,3.000000000000000000e+01
5.305378022146133341e-05,4.500000000000000000e+01
7.269080112903977212e-05,6.000000000000000000e+01
9.345211569808258326e-05,7.500000000000000000e+01
4.037295128255777760e-05,1.500000000000000000e+01
9.634771396694036922e-05,3.000000000000000000e+01
1.374130189829586991e-04,4.500000000000000000e+01
1.856945429277110369e-04,6.000000000000000000e+01
2.309105927710359749e-04,7.500000000000000000e+01
1.088074378508728481e-05,1.500000000000000000e+01
2.586824845135588389e-05,3.000000000000000000e+01
3.621616265317573197e-05,4.500000000000000000e+01
4.646436914387387602e-05,6.000000000000000000e+01
5.800428359002766368e-05,7.500000000000000000e+01
6.777260573599725075e-06,1.500000000000000000e+01
1.507473642552973203e-05,3.000000000000000000e+01
2.461767943825220317e-05,4.500000000000000000e+01
3.494943739884180997e-05,6.000000000000000000e+01
4.629355399058653075e-05,7.500000000000000000e+01
1.668480462237320689e-05,1.500000000000000000e+01
3.834730972265199591e-05,3.000000000000000000e+01
5.903139042028149010e-05,4.500000000000000000e+01
8.423588615828901032e-05,6.000000000000000000e+01
1.138071306774191520e-04,7.500000000000000000e+01
2.761197962019801370e-05,1.500000000000000000e+01
6.392411936766628430e-05,3.000000000000000000e+01
9.463161783145065497e-05,4.500000000000000000e+01
1.202995941670176512e-04,6.000000000000000000e+01
1.476072256119369947e-04,7.500000000000000000e+01
6.857911341492127554e-05,1.500000000000000000e+01
1.576240869119702225e-04,3.000000000000000000e+01
2.286318799566661544e-04,4.500000000000000000e+01
2.990540427771073094e-04,6.000000000000000000e+01
3.378059879030998695e-04,7.500000000000000000e+01
6.239631966607535210e-05,1.500000000000000000e+01
1.424769664544628411e-04,3.000000000000000000e+01
2.137355468634649929e-04,4.500000000000000000e+01
2.769671247086427516e-04,6.000000000000000000e+01
3.376895947612672125e-04,7.500000000000000000e+01
5.076908970675396898e-05,1.500000000000000000e+01
1.211997176809968282e-04,3.000000000000000000e+01
1.935365932046462505e-04,4.500000000000000000e+01
2.630497087765002275e-04,6.000000000000000000e+01
3.198065252525878507e-04,7.500000000000000000e+01
4.184480224789686537e-05,1.500000000000000000e+01
1.029156205717817059e-04,3.000000000000000000e+01
1.520007410899468507e-04,4.500000000000000000e+01
1.953638326519033924e-04,6.000000000000000000e+01
2.437740593092702372e-04,7.500000000000000000e+01
4.984461634067723166e-05,1.500000000000000000e+01
1.197864632772036221e-04,3.000000000000000000e+01
1.766708309435863461e-04,4.500000000000000000e+01
2.316969247723756325e-04,6.000000000000000000e+01
2.909177210841330167e-04,7.500000000000000000e+01
6.154769128376127096e-05,1.500000000000000000e+01
1.486252430776602350e-04,3.000000000000000000e+01
2.187569578666712252e-04,4.500000000000000000e+01
2.753654146258550971e-04,6.000000000000000000e+01
3.217698813232828148e-04,7.500000000000000000e+01
3.399385302450537942e-05,1.500000000000000000e+01
7.714091171313563447e-05,3.000000000000000000e+01
1.101993252434884117e-04,4.500000000000000000e+01
1.407701178018652905e-04,6.000000000000000000e+01
1.712141272270713440e-04,7.500000000000000000e+01
7.209789708457652925e-05,1.500000000000000000e+01
1.754885912217689001e-04,3.000000000000000000e+01
2.479294609288918740e-04,4.500000000000000000e+01
3.185327162205417559e-04,6.000000000000000000e+01
3.729305498378424066e-04,7.500000000000000000e+01
4.685533651060451535e-05,1.500000000000000000e+01
1.064225502468369372e-04,3.000000000000000000e+01
1.598047986419043082e-04,4.500000000000000000e+01
2.098445473126755328e-04,6.000000000000000000e+01
2.581780647811731224e-04,7.500000000000000000e+01
3.799845855237475286e-05,1.500000000000000000e+01
9.030244075230515382e-05,3.000000000000000000e+01
1.340519397878157590e-04,4.500000000000000000e+01
1.722863308412301002e-04,6.000000000000000000e+01
2.072769169474533225e-04,7.500000000000000000e+01
3.070505345064053189e-05,1.500000000000000000e+01
7.172887849943213707e-05,3.000000000000000000e+01
1.107278199048347526e-04,4.500000000000000000e+01
1.476465970839579349e-04,6.000000000000000000e+01
1.845859799775395149e-04,7.500000000000000000e+01
5.604072095140197026e-05,1.500000000000000000e+01
1.336536666767419311e-04,3.000000000000000000e+01
2.022471230420396274e-04,4.500000000000000000e+01
2.754129947318656154e-04,6.000000000000000000e+01
3.523867306430754440e-04,7.500000000000000000e+01
8.093304484764857708e-05,1.500000000000000000e+01
1.837905529779984613e-04,3.000000000000000000e+01
2.611265789934814484e-04,4.500000000000000000e+01
3.389819130310637034e-04,6.000000000000000000e+01
4.056800335162126514e-04,7.500000000000000000e+01
2.122776411113410925e-05,1.500000000000000000e+01
4.927392586032964102e-05,3.000000000000000000e+01
6.905844002623683076e-05,4.500000000000000000e+01
8.923702834055299426e-05,6.000000000000000000e+01
1.113426096337708388e-04,7.500000000000000000e+01
1.994505876167816048e-05,1.500000000000000000e+01
4.631610069243775408e-05,3.000000000000000000e+01
6.837531837696813545e-05,4.500000000000000000e+01
9.104178343191620781e-05,6.000000000000000000e+01
1.168365083474729121e-04,7.500000000000000000e+01
2.465803755382597510e-05,1.500000000000000000e+01
5.601664301781689008e-05,3.000000000000000000e+01
8.427926880394685837e-05,4.500000000000000000e+01
1.167916185070767593e-04,6.000000000000000000e+01
1.436467418673394918e-04,7.500000000000000000e+01
2.694827272737245800e-05,1.500000000000000000e+01
6.364166701746798839e-05,3.000000000000000000e+01
1.006229809475214131e-04,4.500000000000000000e+01
1.408563531525441491e-04,6.000000000000000000e+01
1.833791259966731715e-04,7.500000000000000000e+01
2.735881033986138595e-05,1.500000000000000000e+01
6.040010389569248233e-05,3.000000000000000000e+01
8.989448260990408356e-05,4.500000000000000000e+01
1.229493022338400241e-04,6.000000000000000000e+01
1.562909545748401082e-04,7.500000000000000000e+01
4.093355035612164712e-05,1.500000000000000000e+01
9.270811209479791536e-05,3.000000000000000000e+01
1.372178592356665828e-04,4.500000000000000000e+01
1.826410816904013392e-04,6.000000000000000000e+01
2.337901196793041420e-04,7.500000000000000000e+01
5.648083909157283668e-05,1.500000000000000000e+01
1.329199621749058906e-04,3.000000000000000000e+01
2.015443274874692244e-04,4.500000000000000000e+01
2.685905600052814336e-04,6.000000000000000000e+01
3.289426237118449575e-04,7.500000000000000000e+01
3.532019415922886313e-05,1.500000000000000000e+01
7.921260853214498953e-05,3.000000000000000000e+01
1.182536875419501926e-04,4.500000000000000000e+01
1.510454489153379147e-04,6.000000000000000000e+01
1.854709800899421719e-04,7.500000000000000000e+01
2.609499844450700163e-05,1.500000000000000000e+01
5.884552435198238971e-05,3.000000000000000000e+01
8.354547679242380748e-05,4.500000000000000000e+01
1.072869149741148006e-04,6.000000000000000000e+01
1.317819798200384771e-04,7.500000000000000000e+01
2.038320699494587375e-05,1.500000000000000000e+01
4.596080723176781941e-05,3.000000000000000000e+01
6.710737286953061395e-05,4.500000000000000000e+01
9.071685095012835829e-05,6.000000000000000000e+01
1.124966712363670551e-04,7.500000000000000000e+01
1.612172786037462658e-05,1.500000000000000000e+01
3.877277844075285108e-05,3.000000000000000000e+01
5.780018771405174297e-05,4.500000000000000000e+01
8.000201276198183056e-05,6.000000000000000000e+01
1.078575787884204106e-04,7.500000000000000000e+01
4.293586363624190226e-05,1.500000000000000000e+01
9.975343023844783312e-05,3.000000000000000000e+01
1.515354738675755010e-04,4.500000000000000000e+01
2.040277633931683035e-04,6.000000000000000000e+01
2.603019376548628794e-04,7.500000000000000000e+01
6.122916466129468306e-05,1.500000000000000000e+01
1.356660976541098403e-04,3.000000000000000000e+01
1.897460059494113422e-04,4.500000000000000000e+01
2.401230477513678738e-04,6.000000000000000000e+01
2.895878942094728026e-04,7.500000000000000000e+01
6.071725627805256659e-05,1.500000000000000000e+01
1.421629339990130442e-04,3.000000000000000000e+01
2.058168696492547586e-04,4.500000000000000000e+01
2.660511032523437997e-04,6.000000000000000000e+01
3.150393978698100457e-04,7.500000000000000000e+01
5.651933208652106162e-05,1.500000000000000000e+01
1.344032678953716107e-04,3.000000000000000000e+01
1.921411791340858766e-04,4.500000000000000000e+01
2.530336316834477382e-04,6.000000000000000000e+01
3.139928105569532880e-04,7.500000000000000000e+01
4.086921233283537377e-05,1.500000000000000000e+01
9.080145779435686644e-05,3.000000000000000000e+01
1.412975893885873866e-04,4.500000000000000000e+01
1.885353691463660729e-04,6.000000000000000000e+01
2.341026577096695530e-04,7.500000000000000000e+01
5.167494867322465301e-05,1.500000000000000000e+01
1.220574575869468362e-04,3.000000000000000000e+01
1.733006657641153166e-04,4.500000000000000000e+01
2.324745565080505903e-04,6.000000000000000000e+01
2.865760827006711016e-04,7.500000000000000000e+01
3.971353011092799100e-05,1.500000000000000000e+01
9.328036723332635053e-05,3.000000000000000000e+01
1.394141799896034663e-04,4.500000000000000000e+01
1.851838352675136076e-04,6.000000000000000000e+01
2.338252384809982464e-04,7.500000000000000000e+01
6.256099824950750769e-05,1.500000000000000000e+01
1.398656225593155450e-04,3.000000000000000000e+01
2.051674568816583700e-04,4.500000000000000000e+01
2.680413184121276690e-04,6.000000000000000000e+01
3.318546591543187715e-04,7.500000000000000000e+01
7.922354311166419992e-05,1.500000000000000000e+01
1.847353620179113885e-04,3.000000000000000000e+01
2.567759860780110138e-04,4.500000000000000000e+01
3.257796390309228491e-04,6.000000000000000000e+01
3.782323903278378614e-04,7.500000000000000000e+01
2.094448774268118534e-05,1.500000000000000000e+01
5.008032049025883819e-05,3.000000000000000000e+01
6.964128834383166006e-05,4.500000000000000000e+01
9.156197706707126609e-05,6.000000000000000000e+01
1.142290956278366025e-04,7.500000000000000000e+01
1.488761817999229101e-05,1.500000000000000000e+01
3.574396488893903174e-05,3.000000000000000000e+01
5.536005182683823646e-05,4.500000000000000000e+01
7.757713323097664519e-05,6.000000000000000000e+01
9.664898315331684213e-05,7.500000000000000000e+01
1.103342678099234595e-05,1.500000000000000000e+01
2.605412954277722297e-05,3.000000000000000000e+01
3.915930497255063354e-05,4.500000000000000000e+01
5.372821249682895517e-05,6.000000000000000000e+01
7.261199208326003882e-05,7.500000000000000000e+01
7.969029461851242165e-06,1.500000000000000000e+01
1.730938980258497862e-05,3.000000000000000000e+01
2.724149740736981162e-05,4.500000000000000000e+01
3.776670135258250059e-05,6.000000000000000000e+01
4.891162223524650238e-05,7.500000000000000000e+01
1.116563401244637155e-05,1.500000000000000000e+01
2.480231924419882281e-05,3.000000000000000000e+01
4.044894799985499769e-05,4.500000000000000000e+01
5.656288824924073289e-05,6.000000000000000000e+01
7.776653348878166173e-05,7.500000000000000000e+01
1.636797448598507763e-05,1.500000000000000000e+01
3.554202783562837375e-05,3.000000000000000000e+01
5.193526858416738150e-05,4.500000000000000000e+01
6.842774343989960846e-05,6.000000000000000000e+01
8.378221415723716939e-05,7.500000000000000000e+01
5.221321925578777725e-05,1.500000000000000000e+01
1.232702032607759445e-04,3.000000000000000000e+01
1.791683472706007878e-04,4.500000000000000000e+01
2.277081802813845702e-04,6.000000000000000000e+01
2.796459149110669070e-04,7.500000000000000000e+01
4.874295088150218792e-05,1.500000000000000000e+01
1.143002864483306586e-04,3.000000000000000000e+01
1.761321047848414078e-04,4.500000000000000000e+01
2.372669696834411564e-04,6.000000000000000000e+01
2.906475129541347862e-04,7.500000000000000000e+01
4.938750066443092725e-05,1.500000000000000000e+01
1.144587762565578334e-04,3.000000000000000000e+01
1.680138972215027200e-04,4.500000000000000000e+01
2.337509844458803812e-04,6.000000000000000000e+01
3.160213767431802609e-04,7.500000000000000000e+01
5.465517218963568256e-05,1.500000000000000000e+01
1.163178774926084194e-04,3.000000000000000000e+01
1.965097971671926473e-04,4.500000000000000000e+01
2.632177551683595376e-04,6.000000000000000000e+01
3.102949719270425041e-04,7.500000000000000000e+01
5.601230396453718688e-05,1.500000000000000000e+01
1.284292850294152446e-04,3.000000000000000000e+01
1.871510060845222201e-04,4.500000000000000000e+01
2.615123014126615798e-04,6.000000000000000000e+01
3.464578610864584777e-04,7.500000000000000000e+01
6.727866538252700538e-05,1.500000000000000000e+01
1.621656161994942925e-04,3.000000000000000000e+01
2.412317969882550768e-04,4.500000000000000000e+01
3.270828453085596098e-04,6.000000000000000000e+01
4.025560627570022717e-04,7.500000000000000000e+01
1.015975109813091823e-04,1.500000000000000000e+01
2.255440739840355532e-04,3.000000000000000000e+01
3.121888546956929906e-04,4.500000000000000000e+01
3.958417509434601048e-04,6.000000000000000000e+01
4.672981385494703421e-04,7.500000000000000000e+01
7.638075938018184803e-05,1.500000000000000000e+01
1.775714828958901428e-04,3.000000000000000000e+01
2.438766600981564679e-04,4.500000000000000000e+01
3.214563934560139922e-04,6.000000000000000000e+01
3.896489161152899452e-04,7.500000000000000000e+01
6.472326421438264203e-05,1.500000000000000000e+01
1.402652090668508129e-04,3.000000000000000000e+01
2.019454745218267041e-04,4.500000000000000000e+01
2.711876480841613054e-04,6.000000000000000000e+01
3.351869998677810855e-04,7.500000000000000000e+01
5.730892560769805310e-05,1.500000000000000000e+01
1.251474745875924641e-04,3.000000000000000000e+01
1.757297164650092121e-04,4.500000000000000000e+01
2.247197947026629032e-04,6.000000000000000000e+01
2.667196111594577371e-04,7.500000000000000000e+01
4.168595226031407766e-05,1.500000000000000000e+01
9.520176785497582274e-05,3.000000000000000000e+01
1.404241090063150380e-04,4.500000000000000000e+01
1.896137082036458623e-04,6.000000000000000000e+01
2.256151363568344886e-04,7.500000000000000000e+01
3.254224796984712416e-05,1.500000000000000000e+01
7.531399714089681845e-05,3.000000000000000000e+01
1.018079541264296480e-04,4.500000000000000000e+01
1.281396035527971645e-04,6.000000000000000000e+01
1.601967894588372061e-04,7.500000000000000000e+01
6.203708601602107701e-05,1.500000000000000000e+01
1.392570216055844261e-04,3.000000000000000000e+01
1.978922342647658928e-04,4.500000000000000000e+01
2.589484696438966362e-04,6.000000000000000000e+01
3.279780739137363337e-04,7.500000000000000000e+01
7.379197007402491860e-05,1.500000000000000000e+01
1.711930107264569530e-04,3.000000000000000000e+01
2.348006267106437367e-04,4.500000000000000000e+01
3.159800928276987548e-04,6.000000000000000000e+01
3.784024351705325435e-04,7.500000000000000000e+01
6.121214534169199255e-05,1.500000000000000000e+01
1.447226839854665872e-04,3.000000000000000000e+01
2.115311305245333928e-04,4.500000000000000000e+01
2.841933997398232411e-04,6.000000000000000000e+01
3.492616402856805026e-04,7.500000000000000000e+01
7.782810387737408347e-05,1.500000000000000000e+01
1.780814104804655273e-04,3.000000000000000000e+01
2.512002417699473042e-04,4.500000000000000000e+01
3.319368863359851442e-04,6.000000000000000000e+01
3.993217325174271484e-04,7.500000000000000000e+01
6.659788358454649842e-05,1.500000000000000000e+01
1.495120470914653040e-04,3.000000000000000000e+01
2.206648215284522270e-04,4.500000000000000000e+01
2.920031285204246520e-04,6.000000000000000000e+01
3.667560191818040774e-04,7.500000000000000000e+01
5.802782031563421210e-05,1.500000000000000000e+01
1.325396830084898123e-04,3.000000000000000000e+01
1.946244381425205950e-04,4.500000000000000000e+01
2.650745071636705606e-04,6.000000000000000000e+01
3.321407835311695534e-04,7.500000000000000000e+01
7.212516142238779057e-05,1.500000000000000000e+01
1.738463352343794970e-04,3.000000000000000000e+01
2.622736056435127591e-04,4.500000000000000000e+01
3.472452398238399184e-04,6.000000000000000000e+01
4.223631375211488008e-04,7.500000000000000000e+01
8.236924256372002906e-05,1.500000000000000000e+01
2.046029608101865565e-04,3.000000000000000000e+01
2.974266386483600481e-04,4.500000000000000000e+01
3.644026651113407302e-04,6.000000000000000000e+01
4.437947346036197013e-04,7.500000000000000000e+01
5.286678441437012003e-05,1.500000000000000000e+01
1.265241833686572370e-04,3.000000000000000000e+01
1.960967322899656324e-04,4.500000000000000000e+01
2.699345642003953818e-04,6.000000000000000000e+01
3.413836246541132190e-04,7.500000000000000000e+01
5.034794088745196591e-05,1.500000000000000000e+01
1.197150414762051894e-04,3.000000000000000000e+01
1.856717945404437649e-04,4.500000000000000000e+01
2.617901352795065899e-04,6.000000000000000000e+01
3.137041483991788947e-04,7.500000000000000000e+01
3.077957715080255054e-05,1.500000000000000000e+01
6.466608884020024546e-05,3.000000000000000000e+01
9.439453418366976906e-05,4.500000000000000000e+01
1.245123420488371063e-04,6.000000000000000000e+01
1.538688344158115496e-04,7.500000000000000000e+01
2.954740808223500304e-05,1.500000000000000000e+01
6.621088307324218011e-05,3.000000000000000000e+01
9.016839506626753641e-05,4.500000000000000000e+01
1.154886049009827136e-04,6.000000000000000000e+01
1.421502905393395616e-04,7.500000000000000000e+01
3.145742155280793387e-05,1.500000000000000000e+01
7.056193269162859202e-05,3.000000000000000000e+01
1.100726198549751135e-04,4.500000000000000000e+01
1.549901891789885874e-04,6.000000000000000000e+01
1.923178799710870547e-04,7.500000000000000000e+01
