9.505591667176302995e-01,1.500000000000000000e+01
9.091734779295330693e-01,3.000000000000000000e+01
8.866035782330301540e-01,4.500000000000000000e+01
8.666460445416679370e-01,6.000000000000000000e+01
8.531541095265045005e-01,7.500000000000000000e+01
9.506398724434415026e-01,1.500000000000000000e+01
9.155908760122855039e-01,3.000000000000000000e+01
8.954613718634947261e-01,4.500000000000000000e+01
8.755017994665352798e-01,6.000000000000000000e+01
8.588984533147731026e-01,7.500000000000000000e+01
9.463180065496371585e-01,1.500000000000000000e+01
9.074818553202351756e-01,3.000000000000000000e+01
8.858636233859448206e-01,4.500000000000000000e+01
8.666358365490592908e-01,6.000000000000000000e+01
8.519640505989450885e-01,7.500000000000000000e+01
9.350576669042349742e-01,1.500000000000000000e+01
8.823896896814030777e-01,3.000000000000000000e+01
8.525561991323513666e-01,4.500000000000000000e+01
8.277872443795418755e-01,6.000000000000000000e+01
8.137937560556346428e-01,7.500000000000000000e+01
9.358566041520006706e-01,1.500000000000000000e+01
8.842695206127449969e-01,3.000000000000000000e+01
8.576684524527803388e-01,4.500000000000000000e+01
8.344048136313558794e-01,6.000000000000000000e+01
8.162658632867576536e-01,7.500000000000000000e+01
9.438172964637532303e-01,1.500000000000000000e+01
8.975724928256803015e-01,3.000000000000000000e+01
8.753794838692310343e-01,4.500000000000000000e+01
8.551874340571833377e-01,6.000000000000000000e+01
8.402040865940167969e-01,7.500000000000000000e+01
9.482151557584537205e-01,1.500000000000000000e+01
9.067113366401476915e-01,3.000000000000000000e+01
8.831210324594823691e-01,4.500000000000000000e+01
8.614427571508708192e-01,6.000000000000000000e+01
8.467437026097036634e-01,7.500000000000000000e+01
9.372776224050618499e-01,1.500000000000000000e+01
8.884885132849941192e-01,3.000000000000000000e+01
8.629334639181636124e-01,4.500000000000000000e+01
8.405054928744778442e-01,6.000000000000000000e+01
8.235603092821793814e-01,7.500000000000000000e+01
9.325809031513035974e-01,1.500000000000000000e+01
8.806147294007806714e-01,3.000000000000000000e+01
8.539651334127080773e-01,4.500000000000000000e+01
8.319574273569971812e-01,6.000000000000000000e+01
8.168866983254257086e-01,7.500000000000000000e+01
9.698760916906181695e-01,1.500000000000000000e+01
9.444319173714075255e-01,3.000000000000000000e+01
9.299231672453549535e-01,4.500000000000000000e+01
9.166954158559926791e-01,6.000000000000000000e+01
9.069026063258309733e-01,7.500000000000000000e+01
9.776378000799768042e-01,1.500000000000000000e+01
9.559159063831271785e-01,3.000000000000000000e+01
9.419891532946765844e-01,4.500000000000000000e+01
9.283327856474318240e-01,6.000000000000000000e+01
9.186036882519081903e-01,7.500000000000000000e+01
9.542297974681369643e-01,1.500000000000000000e+01
9.144748555136562596e-01,3.000000000000000000e+01
8.921427129179464455e-01,4.500000000000000000e+01
8.708055466388155974e-01,6.000000000000000000e+01
8.556743206370007737e-01,7.500000000000000000e+01
9.821062530360953335e-01,1.500000000000000000e+01
9.645090443802555313e-01,3.000000000000000000e+01
9.534152376015632147e-01,4.500000000000000000e+01
9.424505649875823954e-01,6.000000000000000000e+01
9.339115009603037310e-01,7.500000000000000000e+01
9.857346581810341180e-01,1.500000000000000000e+01
9.701180122569771358e-01,3.000000000000000000e+01
9.578787643402216778e-01,4.500000000000000000e+01
9.458435095177626373e-01,6.000000000000000000e+01
9.352984253421419147e-01,7.500000000000000000e+01
9.783456664963158245e-01,1.500000000000000000e+01
9.570633769467470353e-01,3.000000000000000000e+01
9.421420678316985153e-01,4.500000000000000000e+01
9.277786367555316271e-01,6.000000000000000000e+01
9.159756455311699463e-01,7.500000000000000000e+01
9.724443631983161751e-01,1.500000000000000000e+01
9.485873427695405979e-01,3.000000000000000000e+01
9.335750264803533982e-01,4.500000000000000000e+01
9.202776480319283525e-01,6.000000000000000000e+01
9.095350175201940557e-01,7.500000000000000000e+01
9.448208153385184715e-01,1.500000000000000000e+01
9.021003511709224654e-01,3.000000000000000000e+01
8.809774446667572034e-01,4.500000000000000000e+01
8.622017393987632117e-01,6.000000000000000000e+01
8.503301973229671074e-01,7.500000000000000000e+01
9.503833638038671205e-01,1.500000000000000000e+01
9.101458713715024906e-01,3.000000000000000000e+01
8.874488164815738100e-01,4.500000000000000000e+01
8.696481926868669943e-01,6.000000000000000000e+01
8.550571284204574463e-01,7.500000000000000000e+01
9.529437172246443266e-01,1.500000000000000000e+01
9.147150509365987725e-01,3.000000000000000000e+01
8.911771209881196310e-01,4.500000000000000000e+01
8.703029101732723261e-01,6.000000000000000000e+01
8.555314449611917116e-01,7.500000000000000000e+01
9.558993398990083268e-01,1.500000000000000000e+01
9.148634321451059037e-01,3.000000000000000000e+01
8.928194376742424332e-01,4.500000000000000000e+01
8.725664598019500229e-01,6.000000000000000000e+01
8.579043368418738380e-01,7.500000000000000000e+01
9.468876341231000637e-01,1.500000000000000000e+01
9.002993751673885603e-01,3.000000000000000000e+01
8.743379326908408133e-01,4.500000000000000000e+01
8.535545833891483580e-01,6.000000000000000000e+01
8.371810835267757822e-01,7.500000000000000000e+01
9.409951090322039580e-01,1.500000000000000000e+01
8.940231232916302506e-01,3.000000000000000000e+01
8.692341367078293413e-01,4.500000000000000000e+01
8.488365158876585159e-01,6.000000000000000000e+01
8.322365849085134881e-01,7.500000000000000000e+01
9.606975933079278107e-01,1.500000000000000000e+01
9.243174175291060113e-01,3.000000000000000000e+01
9.028343932447422393e-01,4.500000000000000000e+01
8.843280534343983534e-01,6.000000000000000000e+01
8.709777895248252966e-01,7.500000000000000000e+01
9.384542829969111377e-01,1.500000000000000000e+01
8.852757416447378791e-01,3.000000000000000000e+01
8.558688145088717558e-01,4.500000000000000000e+01
8.323730226654946218e-01,6.000000000000000000e+01
8.159652846362992484e-01,7.500000000000000000e+01
9.503938354232837060e-01,1.500000000000000000e+01
9.066719361763930785e-01,3.000000000000000000e+01
8.793263785364195950e-01,4.500000000000000000e+01
8.588542299714081452e-01,6.000000000000000000e+01
8.436197198055556123e-01,7.500000000000000000e+01
9.576605750872514422e-01,1.500000000000000000e+01
9.170494236860335935e-01,3.000000000000000000e+01
8.933363657846857819e-01,4.500000000000000000e+01
8.726488128754070761e-01,6.000000000000000000e+01
8.573311391323462649e-01,7.500000000000000000e+01
9.613989201290202846e-01,1.500000000000000000e+01
9.258252310064496449e-01,3.000000000000000000e+01
9.003298429462839314e-01,4.500000000000000000e+01
8.781552607468186000e-01,6.000000000000000000e+01
8.594586738006941840e-01,7.500000000000000000e+01
9.419365100763491538e-01,1.500000000000000000e+01
8.896389138368872018e-01,3.000000000000000000e+01
8.572155191952113285e-01,4.500000000000000000e+01
8.270204172613819793e-01,6.000000000000000000e+01
8.057484434749186963e-01,7.500000000000000000e+01
9.295833379879061553e-01,1.500000000000000000e+01
8.718586387639134516e-01,3.000000000000000000e+01
8.414255051470719282e-01,4.500000000000000000e+01
8.146094476329034384e-01,6.000000000000000000e+01
7.948431818444515740e-01,7.500000000000000000e+01
9.704935763110402736e-01,1.500000000000000000e+01
9.427268118200208269e-01,3.000000000000000000e+01
9.264530839687366015e-01,4.500000000000000000e+01
9.112744301762042420e-01,6.000000000000000000e+01
8.980824350999501160e-01,7.500000000000000000e+01
9.693608759643195238e-01,1.500000000000000000e+01
9.408964663581432797e-01,3.000000000000000000e+01
9.237111321750304249e-01,4.500000000000000000e+01
9.079188973881479052e-01,6.000000000000000000e+01
8.951712305493965127e-01,7.500000000000000000e+01
9.681121122129994205e-01,1.500000000000000000e+01
9.410081486497203773e-01,3.000000000000000000e+01
9.267011958917197312e-01,4.500000000000000000e+01
9.124509408813015199e-01,6.000000000000000000e+01
9.022911897339902509e-01,7.500000000000000000e+01
9.686387525274454680e-01,1.500000000000000000e+01
9.431451462727682422e-01,3.000000000000000000e+01
9.269282896692316864e-01,4.500000000000000000e+01
9.137546868936500255e-01,6.000000000000000000e+01
9.025317908150841673e-01,7.500000000000000000e+01
9.622745786144452085e-01,1.500000000000000000e+01
9.295912388849721930e-01,3.000000000000000000e+01
9.100645451672542130e-01,4.500000000000000000e+01
8.891354326050676660e-01,6.000000000000000000e+01
8.725908466116094608e-01,7.500000000000000000e+01
9.588680739303774292e-01,1.500000000000000000e+01
9.256224102838402912e-01,3.000000000000000000e+01
9.052206166378709007e-01,4.500000000000000000e+01
8.889475514848527160e-01,6.000000000000000000e+01
8.746353413176537472e-01,7.500000000000000000e+01
9.502841276333763298e-01,1.500000000000000000e+01
9.097651701273290481e-01,3.000000000000000000e+01
8.896910222157338177e-01,4.500000000000000000e+01
8.723896218167597194e-01,6.000000000000000000e+01
8.575789792052981309e-01,7.500000000000000000e+01
9.586919403278733043e-01,1.500000000000000000e+01
9.211924008595295810e-01,3.000000000000000000e+01
8.981120230689126904e-01,4.500000000000000000e+01
8.790128604707747595e-01,6.000000000000000000e+01
8.646979931117833029e-01,7.500000000000000000e+01
9.664945850840827024e-01,1.500000000000000000e+01
9.333981171777696595e-01,3.000000000000000000e+01
9.147177406232147590e-01,4.500000000000000000e+01
8.961553086111191391e-01,6.000000000000000000e+01
8.822725610439603461e-01,7.500000000000000000e+01
9.718589759605080758e-01,1.500000000000000000e+01
9.443012817463625197e-01,3.000000000000000000e+01
9.275112838700643181e-01,4.500000000000000000e+01
9.123656680922265227e-01,6.000000000000000000e+01
9.014838673686453863e-01,7.500000000000000000e+01
9.756541415141053442e-01,1.500000000000000000e+01
9.502788531087911217e-01,3.000000000000000000e+01
9.333582108930928989e-01,4.500000000000000000e+01
9.166873906144626938e-01,6.000000000000000000e+01
9.017273017391703727e-01,7.500000000000000000e+01
9.549031939539073255e-01,1.500000000000000000e+01
9.159608130633479783e-01,3.000000000000000000e+01
8.897579238460859852e-01,4.500000000000000000e+01
8.665326072955842340e-01,6.000000000000000000e+01
8.497617115092515050e-01,7.500000000000000000e+01
9.471317118197630780e-01,1.500000000000000000e+01
9.036898966461284211e-01,3.000000000000000000e+01
8.807249170961490847e-01,4.500000000000000000e+01
8.604467940235362988e-01,6.000000000000000000e+01
8.451202774325752287e-01,7.500000000000000000e+01
9.431161771032213759e-01,1.500000000000000000e+01
8.950233575494770388e-01,3.000000000000000000e+01
8.679642067416863949e-01,4.500000000000000000e+01
8.460677011064385855e-01,6.000000000000000000e+01
8.304026004881939205e-01,7.500000000000000000e+01
9.467303245414583346e-01,1.500000000000000000e+01
9.008522799837233030e-01,3.000000000000000000e+01
8.763817589627915794e-01,4.500000000000000000e+01
8.525497454299464373e-01,6.000000000000000000e+01
8.357913385309712062e-01,7.500000000000000000e+01
9.530601566017686821e-01,1.500000000000000000e+01
9.134440976800619616e-01,3.000000000000000000e+01
8.885144441823216166e-01,4.500000000000000000e+01
8.655597498322441519e-01,6.000000000000000000e+01
8.492477160733469255e-01,7.500000000000000000e+01
9.502494662160971828e-01,1.500000000000000000e+01
9.078927439326089921e-01,3.000000000000000000e+01
8.835190417768226112e-01,4.500000000000000000e+01
8.593450713508037353e-01,6.000000000000000000e+01
8.427677194619607182e-01,7.500000000000000000e+01
9.530419422221606540e-01,1.500000000000000000e+01
9.121694209677935206e-01,3.000000000000000000e+01
8.877437862602520768e-01,4.500000000000000000e+01
8.661350179615885381e-01,6.000000000000000000e+01
8.473510968769322194e-01,7.500000000000000000e+01
9.350280690970008690e-01,1.500000000000000000e+01
8.847083620674303095e-01,3.000000000000000000e+01
8.552337627921690055e-01,4.500000000000000000e+01
8.321240460194525568e-01,6.000000000000000000e+01
8.114600252113337575e-01,7.500000000000000000e+01
9.320928344692985812e-01,1.500000000000000000e+01
8.780607361852084125e-01,3.000000000000000000e+01
8.523891947391457613e-01,4.500000000000000000e+01
8.308520168367250491e-01,6.000000000000000000e+01
8.169410960553440404e-01,7.500000000000000000e+01
9.723333328712793211e-01,1.500000000000000000e+01
9.469337944344305980e-01,3.000000000000000000e+01
9.308400682608768406e-01,4.500000000000000000e+01
9.175134897968043601e-01,6.000000000000000000e+01
9.069271396104355842e-01,7.500000000000000000e+01
9.765052509337097675e-01,1.500000000000000000e+01
9.537221109647701089e-01,3.000000000000000000e+01
9.392245762142162890e-01,4.500000000000000000e+01
9.252205429605671050e-01,6.000000000000000000e+01
9.146599873779541756e-01,7.500000000000000000e+01
9.803407478919765605e-01,1.500000000000000000e+01
9.604603742624213680e-01,3.000000000000000000e+01
9.472988569053091279e-01,4.500000000000000000e+01
9.357771737172482229e-01,6.000000000000000000e+01
9.254684468066054492e-01,7.500000000000000000e+01
9.832028929380309812e-01,1.500000000000000000e+01
9.674635952894121704e-01,3.000000000000000000e+01
9.560919587173146716e-01,4.500000000000000000e+01
9.458211079016598521e-01,6.000000000000000000e+01
9.379254055920724920e-01,7.500000000000000000e+01
9.815413567008809403e-01,1.500000000000000000e+01
9.637394637899630023e-01,3.000000000000000000e+01
9.501560352350095773e-01,4.500000000000000000e+01
9.390717402216504084e-01,6.000000000000000000e+01
9.287459745741706296e-01,7.500000000000000000e+01
9.790164788918197525e-01,1.500000000000000000e+01
9.594276084662339832e-01,3.000000000000000000e+01
9.476056420985830009e-01,4.500000000000000000e+01
9.372341201172338376e-01,6.000000000000000000e+01
9.292896868048328152e-01,7.500000000000000000e+01
9.470561953893840146e-01,1.500000000000000000e+01
9.005848903131800087e-01,3.000000000000000000e+01
8.748095593425425642e-01,4.500000000000000000e+01
8.514027699217892042e-01,6.000000000000000000e+01
8.360083549294755612e-01,7.500000000000000000e+01
9.463921449925071228e-01,1.500000000000000000e+01
9.010448649647027075e-01,3.000000000000000000e+01
8.738089207102195388e-01,4.500000000000000000e+01
8.508462620719708935e-01,6.000000000000000000e+01
8.358108651115389032e-01,7.500000000000000000e+01
9.491943360008028296e-01,1.500000000000000000e+01
9.064142218233360859e-01,3.000000000000000000e+01
8.811888728276536797e-01,4.500000000000000000e+01
8.612396734521221564e-01,6.000000000000000000e+01
8.444442043268862719e-01,7.500000000000000000e+01
9.490142293229902881e-01,1.500000000000000000e+01
9.077213693421813945e-01,3.000000000000000000e+01
8.793079015844633695e-01,4.500000000000000000e+01
8.570580180751942168e-01,6.000000000000000000e+01
8.397302900201111253e-01,7.500000000000000000e+01
9.488410950101041630e-01,1.500000000000000000e+01
9.081406964686324912e-01,3.000000000000000000e+01
8.827427288357838631e-01,4.500000000000000000e+01
8.588698802190664061e-01,6.000000000000000000e+01
8.402517203615154084e-01,7.500000000000000000e+01
9.366390817521860201e-01,1.500000000000000000e+01
8.834348963765069618e-01,3.000000000000000000e+01
8.536419487221049707e-01,4.500000000000000000e+01
8.277281375431102539e-01,6.000000000000000000e+01
8.063506351444809095e-01,7.500000000000000000e+01
9.150347705121201214e-01,1.500000000000000000e+01
8.504950815881966442e-01,3.000000000000000000e+01
8.197960007603842802e-01,4.500000000000000000e+01
7.947087111073332100e-01,6.000000000000000000e+01
7.789169202738697173e-01,7.500000000000000000e+01
9.364728480670239108e-01,1.500000000000000000e+01
8.893184416412289739e-01,3.000000000000000000e+01
8.645706694780694868e-01,4.500000000000000000e+01
8.423506318170278506e-01,6.000000000000000000e+01
8.288602307862300567e-01,7.500000000000000000e+01
9.427168629499256269e-01,1.500000000000000000e+01
8.982600314622055659e-01,3.000000000000000000e+01
8.765868649734219753e-01,4.500000000000000000e+01
8.570560547947172481e-01,6.000000000000000000e+01
8.424961370004606653e-01,7.500000000000000000e+01
9.475605504982382854e-01,1.500000000000000000e+01
9.054969924310438678e-01,3.000000000000000000e+01
8.831067103294459875e-01,4.500000000000000000e+01
8.644934384747160472e-01,6.000000000000000000e+01
8.507808795143481095e-01,7.500000000000000000e+01
9.514990789427804074e-01,1.500000000000000000e+01
9.113635733395444305e-01,3.000000000000000000e+01
8.880046853964863596e-01,4.500000000000000000e+01
8.671290206570756443e-01,6.000000000000000000e+01
8.515303813548351641e-01,7.500000000000000000e+01
9.660328426100948107e-01,1.500000000000000000e+01
9.365999177638424378e-01,3.000000000000000000e+01
9.202122785198554311e-01,4.500000000000000000e+01
9.052237449891256116e-01,6.000000000000000000e+01
8.919623969354133486e-01,7.500000000000000000e+01
9.361831866405709857e-01,1.500000000000000000e+01
8.872539212064938230e-01,3.000000000000000000e+01
8.590550449514182674e-01,4.500000000000000000e+01
8.368454821839431679e-01,6.000000000000000000e+01
8.154790224388382969e-01,7.500000000000000000e+01
9.362512980431744181e-01,1.500000000000000000e+01
8.869314963019252485e-01,3.000000000000000000e+01
8.629826846684507391e-01,4.500000000000000000e+01
8.389997370877757543e-01,6.000000000000000000e+01
8.228185661286684383e-01,7.500000000000000000e+01
9.436446843024881570e-01,1.500000000000000000e+01
8.988012660612101357e-01,3.000000000000000000e+01
8.743611089344049958e-01,4.500000000000000000e+01
8.524334672777578170e-01,6.000000000000000000e+01
8.371013774106439431e-01,7.500000000000000000e+01
9.391249410432709332e-01,1.500000000000000000e+01
8.922252254753094691e-01,3.000000000000000000e+01
8.665488302401637144e-01,4.500000000000000000e+01
8.462913366483646449e-01,6.000000000000000000e+01
8.314878117785872158e-01,7.500000000000000000e+01
9.417318465900734736e-01,1.500000000000000000e+01
8.974480220103623340e-01,3.000000000000000000e+01
8.725654761241363744e-01,4.500000000000000000e+01
8.528942773883627648e-01,6.000000000000000000e+01
8.363444339810403028e-01,7.500000000000000000e+01
9.405895998298752225e-01,1.500000000000000000e+01
8.960536518646272652e-01,3.000000000000000000e+01
8.701938030492810672e-01,4.500000000000000000e+01
8.448379084872410516e-01,6.000000000000000000e+01
8.251977939298039688e-01,7.500000000000000000e+01
9.284344988212251959e-01,1.500000000000000000e+01
8.737148192759378595e-01,3.000000000000000000e+01
8.423896172899856261e-01,4.500000000000000000e+01
8.170875972387124930e-01,6.000000000000000000e+01
7.981505133064161761e-01,7.500000000000000000e+01
9.279507937348457913e-01,1.500000000000000000e+01
8.725210370283003058e-01,3.000000000000000000e+01
8.447932275890791542e-01,4.500000000000000000e+01
8.211441570779217658e-01,6.000000000000000000e+01
8.029851248837877042e-01,7.500000000000000000e+01
9.508887774678387306e-01,1.500000000000000000e+01
9.093130909188195110e-01,3.000000000000000000e+01
8.846338745253123914e-01,4.500000000000000000e+01
8.630086867885258251e-01,6.000000000000000000e+01
8.463218595837935787e-01,7.500000000000000000e+01
9.507464304058786952e-01,1.500000000000000000e+01
9.088013905912023516e-01,3.000000000000000000e+01
8.827029518940662234e-01,4.500000000000000000e+01
8.633616230971264960e-01,6.000000000000000000e+01
8.503302349601613574e-01,7.500000000000000000e+01
9.639073882057005438e-01,1.500000000000000000e+01
9.374261652502079434e-01,3.000000000000000000e+01
9.216359120890942336e-01,4.500000000000000000e+01
9.070487710806156567e-01,6.000000000000000000e+01
8.968880903816937034e-01,7.500000000000000000e+01
9.653262713375907467e-01,1.500000000000000000e+01
9.373804978288577949e-01,3.000000000000000000e+01
9.220545959537249647e-01,4.500000000000000000e+01
9.066377450712382879e-01,6.000000000000000000e+01
8.942142532928011311e-01,7.500000000000000000e+01
9.640360771130054296e-01,1.500000000000000000e+01
9.369565280539668972e-01,3.000000000000000000e+01
9.179176772903540060e-01,4.500000000000000000e+01
9.004069114729059686e-01,6.000000000000000000e+01
8.861252407243392915e-01,7.500000000000000000e+01
