4.676769341866942957e-05,1.500000000000000000e+01
4.636237514660727476e-05,3.000000000000000000e+01
4.355505623322657020e-05,4.500000000000000000e+01
4.758795886797627481e-05,6.000000000000000000e+01
4.651559141216495924e-05,7.500000000000000000e+01
3.888459928347949221e-05,1.500000000000000000e+01
3.982237818915184893e-05,3.000000000000000000e+01
3.828051219121907019e-05,4.500000000000000000e+01
3.741367213642442821e-05,6.000000000000000000e+01
3.720101599065779802e-05,7.500000000000000000e+01
3.072361904850074441e-05,1.500000000000000000e+01
3.121049380298128743e-05,3.000000000000000000e+01
3.102334796548307153e-05,4.500000000000000000e+01
2.983938645609171685e-05,6.000000000000000000e+01
2.883080828796331135e-05,7.500000000000000000e+01
2.622782465752804016e-05,1.500000000000000000e+01
2.602127752714543016e-05,3.000000000000000000e+01
2.700661609522555170e-05,4.500000000000000000e+01
2.732340048572034388e-05,6.000000000000000000e+01
2.793420175110923107e-05,7.500000000000000000e+01
