9.321331763948418336e-01,1.500000000000000000e+01
9.331213725920020075e-01,3.000000000000000000e+01
9.336722192874147286e-01,4.500000000000000000e+01
9.333793880416465516e-01,6.000000000000000000e+01
9.342010153510342807e-01,7.500000000000000000e+01
9.364448145455125383e-01,1.500000000000000000e+01
9.361798910652433525e-01,3.000000000000000000e+01
9.370287071316351080e-01,4.500000000000000000e+01
9.385790548952176460e-01,6.000000000000000000e+01
9.383717746512658664e-01,7.500000000000000000e+01
9.460827027100238151e-01,1.500000000000000000e+01
9.453158511936652353e-01,3.000000000000000000e+01
9.455484092408481533e-01,4.500000000000000000e+01
9.449511268614185777e-01,6.000000000000000000e+01
9.461832742616409497e-01,7.500000000000000000e+01
9.459266302339643939e-01,1.500000000000000000e+01
9.456303760321111973e-01,3.000000000000000000e+01
9.458689645902866872e-01,4.500000000000000000e+01
9.441791110643611429e-01,6.000000000000000000e+01
9.431847866858408258e-01,7.500000000000000000e+01
