1.804956279341634462e-05,1.500000000000000000e+01
3.296936560475912276e-05,3.000000000000000000e+01
4.639805045962226476e-05,4.500000000000000000e+01
5.866988135509045536e-05,6.000000000000000000e+01
6.994298245822320320e-05,7.500000000000000000e+01
2.101177194579189483e-05,1.500000000000000000e+01
4.091443553983417354e-05,3.000000000000000000e+01
4.740032776410616660e-05,4.500000000000000000e+01
5.912809570906491424e-05,6.000000000000000000e+01
6.562176205329914010e-05,7.500000000000000000e+01
1.694797558882289436e-05,1.500000000000000000e+01
3.352706688831123437e-05,3.000000000000000000e+01
4.038753811208300771e-05,4.500000000000000000e+01
5.134828697583531765e-05,6.000000000000000000e+01
5.860765284465722989e-05,7.500000000000000000e+01
1.551069146792016584e-05,1.500000000000000000e+01
2.960128824832707284e-05,3.000000000000000000e+01
3.515953481879671168e-05,4.500000000000000000e+01
4.480574098977939125e-05,6.000000000000000000e+01
5.211020194958545962e-05,7.500000000000000000e+01
