9.453885293535283507e-01,1.500000000000000000e+01
9.248638321470697976e-01,3.000000000000000000e+01
9.118368092357019838e-01,4.500000000000000000e+01
9.035573799756467794e-01,6.000000000000000000e+01
8.973972838606688596e-01,7.500000000000000000e+01
9.325327044605346005e-01,1.500000000000000000e+01
9.106002129303076842e-01,3.000000000000000000e+01
9.041687057140569417e-01,4.500000000000000000e+01
8.961341867674070816e-01,6.000000000000000000e+01
8.914622360977269011e-01,7.500000000000000000e+01
9.395344125410493019e-01,1.500000000000000000e+01
9.174611080088425075e-01,3.000000000000000000e+01
9.094343989205733170e-01,4.500000000000000000e+01
9.002945745472956673e-01,6.000000000000000000e+01
8.946605038170911683e-01,7.500000000000000000e+01
9.392180284367900311e-01,1.500000000000000000e+01
9.177570882986976208e-01,3.000000000000000000e+01
9.102768015813728075e-01,4.500000000000000000e+01
9.005153736700656220e-01,6.000000000000000000e+01
8.940384731144890296e-01,7.500000000000000000e+01
